1 1 3 6 13 18 25
1 1 0.1 0.1 0.1 0.9 0.1
0.5 0.5 0.5 0.5 0.5 0.5 0.5
0.05 0.05 0.05 0.05 0.05 0.05 0.05
2 1.8 2 2 1.5 1.5 1
20 30 90 45 60 90 45
11.09 16.64 25.29 23.63 25.79 14.84 14.01
2805 15 525 2125 240 125 500
108 120 135 180 155 180 145
6.3 7 18 18 30 12 18
50000 500000 400000 300000 500000 300000 1000000
175000 85000 400000 200000 45000 250000 500000
35000 17000 80000 40000 9000 50000 100000
0.5 0.4 0.5 0.4 0.4 0.3 0.25
0 0 0 0 0 0 0
0.3 1 12 12 24 6 12
2 2 2 2 2 2 2
0.0083 0.0083 0.0083 0.0083 0.0083 0.0083 0.0083
0 0 0 0 0 0 0
0.80 0.80 0.80 0.80 0.80 0.80 0.80
0.85 0.85 0.85 0.85 0.85 0.85 0.85
0.90 0.90 0.90 0.90 0.90 0.90 0.90
0.95 0.95 0.95 0.95 0.95 0.95 0.95
0.99 0.99 0.99 0.99 0.99 0.99 0.99
